# Created by Octave 4.0.3, Sun Sep 18 22:46:32 2016 CDT <VJ@vjdev.local>
# name: A
# type: matrix
# rows: 3
# columns: 2
 1 2
 3 4
 5 6


